2
202
402
602
802
1002
1202
1402
1602
1802
2002
2202
2402
2602
2802
3002
3202
3402
3602
3802
4002
4202
4402
4602
4802
5002
5202
5402
5602
5802
6002
6202
6402
6602
6802
7002
7202
7402
7602
7802
8002
8202
8402
8602
8802
9002
9202
9402
9602
9802
10002
10202
10402
10602
10802
11002
11202
11402
11602
11802
12002
12202
12402
12602
12802
13002
13202
13402
13602
13802
14002
14202
14402
14602
14802
15002
15202
15402
15602
15802
16002
16202
16402
16602
16802
17002
17202
17402
17602
17802
18002
18202
18402
18602
18802
19002
19202
19402
19602
19802
20002
20202
20402
20602
20802
21002
21202
21402
21602
21802
22002
22202
22402
22602
22802
23002
23202
23402
23602
23802
24002
24202
24402
24602
24802
25002
25202
25402
25602
25802
26002
26202
26402
26602
26802
27002
27202
27402
27602
27802
28002
28202
28402
28602
28802
29002
29202
29402
29602
29802
30002
30202
30402
30602
30802
31002
31202
31402
31602
31802
32002
32202
32402
32602
32802
33002
33202
33402
33602
33802
34002
34202
34402
34602
34802
35002
35202
35402
35602
35802
36002
36202
36402
36602
36802
37002
37202
37402
37602
37802
38002
38202
38402
38602
38802
39002
39202
39402
39602
39802
40002
40202
40402
40602
40802
41002
41202
41402
41602
41802
42002
42202
42402
42602
42802
43002
43202
43402
43602
43802
44002
44202
44402
44602
44802
45002
45202
45402
45602
45802
46002
46202
46402
46602
46802
47002
47202
47402
47602
47802
48002
48202
48402
48602
48802
49002
49202
49402
49602
49802
50002
50202
50402
50602
50802
51002
51202
51402
51602
51802
52002
52202
52402
52602
52802
53002
53202
53402
53602
53802
54002
54202
54402
54602
54802
55002
55202
55402
55602
55802
56002
56202
56402
56602
56802
57002
57202
57402
57602
57802
58002
58202
58402
58602
58802
59002
59202
59402
59602
59802
60002
60202
60402
60602
60802
61002
61202
61402
61602
61802
62002
62202
62402
62602
62802
63002
63202
63402
63602
63802
64002
64202
64402
64602
64802
65002
65202
65402
65602
65802
66002
66202
66402
66602
66802
67002
67202
67402
67602
67802
68002
68202
68402
68602
68802
69002
69202
69402
69602
69802
70002
70202
70402
70602
70802
71002
71202
71402
71602
71802
72002
72202
72402
72602
72802
73002
73202
73402
73602
73802
74002
74202
74402
74602
74802
75002
75202
75402
75602
75802
76002
76202
76402
76602
76802
77002
77202
77402
77602
77802
78002
78202
78402
78602
78802
79002
79202
79402
79602
79802
80002
80202
80402
80602
80802
81002
81202
81402
81602
81802
82002
82202
82402
82602
82802
83002
83202
83402
83602
83802
84002
84202
84402
84602
84802
85002
85202
85402
85602
85802
86002
86202
86402
86602
86802
87002
87202
87402
87602
87802
88002
88202
88402
88602
88802
89002
89202
89402
89602
89802
90002
90202
90402
90602
90802
91002
91202
91402
91602
91802
92002
92202
92402
92602
92802
93002
93202
93402
93602
93802
94002
94202
94402
94602
94802
95002
95202
95402
95602
95802
96002
96202
96402
96602
96802
97002
97202
97402
97602
97802
98002
98202
98402
98602
98802
99002
99202
99402
99602
99802
100002
100202
100402
100602
100802
101002
101202
101402
101602
101802
102002
102202
102402
102602
102802
103002
103202
103402
103602
103802
104002
104202
104402
104602
104802
105002
105202
105402
105602
105802
106002
106202
106402
106602
106802
107002
107202
107402
107602
107802
108002
108202
108402
108602
108802
109002
109202
109402
109602
109802
110002
110202
110402
110602
110802
111002
111202
111402
111602
111802
112002
112202
112402
112602
112802
113002
113202
113402
113602
113802
114002
114202
114402
114602
114802
115002
115202
115402
115602
115802
116002
116202
116402
116602
116802
117002
117202
117402
117602
117802
118002
118202
118402
118602
118802
119002
119202
119402
119602
119802
120002
120202
120402
120602
120802
121002
121202
121402
121602
121802
122002
122202
122402
122602
122802
123002
123202
123402
123602
123802
124002
124202
124402
124602
124802
125002
125202
125402
125602
125802
126002
126202
126402
126602
126802
127002
127202
127402
127602
127802
128002
128202
128402
128602
128802
129002
129202
129402
129602
129802
130002
130202
130402
130602
130802
131002
131202
131402
131602
131802
132002
132202
132402
132602
132802
133002
133202
133402
133602
133802
134002
134202
134402
134602
134802
135002
135202
135402
135602
135802
136002
136202
136402
136602
136802
137002
137202
137402
137602
137802
138002
138202
138402
138602
138802
139002
139202
139402
139602
139802
140002
140202
140402
140602
140802
141002
141202
141402
141602
141802
142002
142202
142402
142602
142802
143002
143202
143402
143602
143802
144002
144202
144402
144602
144802
145002
145202
145402
145602
145802
146002
146202
146402
146602
146802
147002
147202
147402
147602
147802
148002
148202
148402
148602
148802
149002
149202
149402
149602
149802
150002
150202
150402
150602
150802
151002
151202
151402
151602
151802
152002
152202
152402
152602
152802
153002
153202
153402
153602
153802
154002
154202
154402
154602
154802
155002
155202
155402
155602
155802
156002
156202
156402
156602
156802
157002
157202
157402
157602
157802
158002
158202
158402
158602
158802
159002
159202
159402
159602
159802
160002
160202
160402
160602
160802
161002
161202
161402
161602
161802
162002
162202
162402
162602
162802
163002
163202
163402
163602
163802
164002
164202
164402
164602
164802
165002
165202
165402
165602
165802
166002
166202
166402
166602
166802
167002
167202
167402
167602
167802
168002
168202
168402
168602
168802
169002
169202
169402
169602
169802
170002
170202
170402
170602
170802
171002
171202
171402
171602
171802
172002
172202
172402
172602
172802
173002
173202
173402
173602
173802
174002
174202
174402
174602
174802
175002
175202
175402
175602
175802
176002
176202
176402
176602
176802
177002
177202
177402
177602
177802
178002
178202
178402
178602
178802
179002
179202
179402
179602
179802
180002
180202
180402
180602
180802
181002
181202
181402
181602
181802
182002
182202
182402
182602
182802
183002
183202
183402
183602
183802
184002
184202
184402
184602
184802
185002
185202
185402
185602
185802
186002
186202
186402
186602
186802
187002
187202
187402
187602
187802
188002
188202
188402
188602
188802
189002
189202
189402
189602
189802
190002
190202
190402
190602
190802
191002
191202
191402
191602
191802
192002
192202
192402
192602
192802
193002
193202
193402
193602
193802
194002
194202
194402
194602
194802
195002
195202
195402
195602
195802
196002
196202
196402
196602
196802
197002
197202
197402
197602
197802
198002
198202
198402
198602
198802
199002
199202
199402
199602
199802
